Pressure[GPa] T[K] Omega1 Omega1err Omega2 Omega2err Omega3 Omega3err
   150.000      2.000      0.356      0.002      0.035      0.003      0.169      0.007
   150.000      3.000      0.553      0.002      0.078      0.004      0.210      0.009
   150.000      4.000      0.718      0.002      0.074      0.004      0.206      0.009
   150.000      5.000      0.872      0.003      0.029      0.006      0.224      0.011
   150.000      6.000      0.988      0.003     -0.009      0.007      0.216      0.014
   200.000      2.000      0.314      0.026      0.064      0.010      0.332      0.037
   200.000      3.000      0.468      0.031      0.061      0.012      0.465      0.044
   200.000      4.000      0.734      0.018      0.066      0.008      0.355      0.032
   200.000      5.000      0.975      0.003      0.053      0.006      0.267      0.012
   200.000      6.000      1.082      0.003     -0.002      0.007      0.259      0.014
   400.000      2.000      0.470      0.013      0.145      0.021      0.288      0.021
   400.000      3.000      0.558      0.044      0.041      0.016      0.486      0.062
   400.000      4.000      0.846      0.019      0.050      0.014      0.363      0.030
   400.000      5.000      1.044      0.012      0.015      0.009      0.332      0.024
   400.000      6.000      1.240      0.009     -0.021      0.008      0.334      0.025
   400.000      7.000      1.369      0.004     -0.075      0.008      0.286      0.017
   400.000      8.000      1.440      0.005     -0.130      0.010      0.293      0.022
   600.000      2.000      0.409      0.031      0.117      0.026      0.385      0.042
   600.000      3.000      0.602      0.046      0.079      0.017      0.477      0.065
   600.000      4.000      0.770      0.044      0.032      0.016      0.572      0.062
   600.000      5.000      1.033      0.022     -0.018      0.012      0.433      0.037
   600.000      6.000      1.207      0.038     -0.085      0.014      0.497      0.070
   600.000      7.000      1.445      0.010     -0.091      0.010      0.363      0.030
   600.000      8.000      1.541      0.005     -0.127      0.011      0.308      0.023
   600.000      9.000      1.566      0.006     -0.172      0.012      0.269      0.025
   800.000      2.000      0.455      0.032      0.157      0.027      0.290      0.044
   800.000      3.000      0.541      0.034     -0.008      0.013      0.511      0.048
   800.000      7.000      1.435      0.022     -0.093      0.012      0.371      0.052
   800.000      8.000      1.580      0.019     -0.123      0.012      0.360      0.048
   800.000      9.000      1.653      0.006     -0.202      0.013      0.256      0.027
  1000.000      2.000      0.532      0.011      0.190      0.003      0.165      0.013
  1000.000      7.000      1.455      0.033     -0.097      0.012      0.471      0.067
  1000.000      8.000      1.619      0.028     -0.149      0.014      0.334      0.063
  1000.000      9.000      1.710      0.007     -0.203      0.014      0.313      0.028
