Pressure[GPa] T[K] Omega1 Omega1err Omega2 Omega2err Omega3 Omega3err
   150.000      2.000      0.443      0.020      0.070      0.014      0.260      0.032
   150.000      3.000      0.663      0.015      0.116      0.011      0.253      0.024
   150.000      4.000      0.862      0.006      0.102      0.004      0.176      0.013
   150.000      5.000      1.013      0.003      0.075      0.003      0.184      0.007
   150.000      6.000      1.153      0.002      0.007      0.003      0.172      0.007
   200.000      2.000      0.393      0.030      0.046      0.011      0.320      0.042
   200.000      3.000      0.610      0.026      0.059      0.010      0.374      0.037
   200.000      4.000      0.834      0.019      0.023      0.010      0.360      0.032
   200.000      5.000      1.023      0.015      0.015      0.005      0.373      0.028
   200.000      6.000      1.218      0.008     -0.023      0.007      0.292      0.021
   200.000      7.000      1.314      0.004     -0.069      0.008      0.241      0.016
   400.000      2.000      0.464      0.016      0.124      0.025      0.324      0.026
   400.000      3.000      0.588      0.026      0.027      0.010      0.446      0.036
   400.000      5.000      0.989      0.028     -0.010      0.006      0.544      0.043
   400.000      7.000      1.446      0.011     -0.064      0.011      0.348      0.034
   400.000      8.000      1.525      0.006     -0.142      0.013      0.272      0.027
   600.000      2.000      0.461      0.012      0.134      0.010      0.312      0.016
   600.000      7.000      1.465      0.027     -0.103      0.012      0.416      0.059
   600.000      8.000      1.609      0.015     -0.165      0.015      0.346      0.044
   600.000      9.000      1.700      0.010     -0.228      0.019      0.243      0.041
   800.000      2.000      0.452      0.027      0.149      0.023      0.305      0.036
   800.000      7.000      1.494      0.041     -0.123      0.015      0.411      0.075
   800.000      8.000      1.616      0.019     -0.143      0.011      0.453      0.045
   800.000      9.000      1.771      0.008     -0.190      0.020      0.298      0.039
  1000.000      8.000      1.661      0.039     -0.185      0.019      0.346      0.090
  1000.000      9.000      1.766      0.008     -0.186      0.014      0.330      0.031
