Pressure[GPa] T[K] Omega1 Omega1err Omega2 Omega2err Omega3 Omega3err
   150.000      2.000      0.432      0.002      0.009      0.015      0.032      0.029
   150.000      3.000      0.621      0.003      0.022      0.025      0.025      0.037
   150.000      4.000      0.815      0.003      0.087      0.014      0.081      0.022
   150.000      5.000      0.974      0.001      0.084      0.005      0.134      0.012
   150.000      6.000      1.100      0.002      0.046      0.006      0.152      0.017
   150.000      7.000      1.174      0.003      0.034      0.011      0.123      0.031
   150.000      8.000      1.276      0.003     -0.019      0.009      0.112      0.027
   150.000      9.000      1.318      0.003     -0.057      0.011      0.112      0.032
   200.000      2.000      0.422      0.010     -0.139      0.059     -0.118      0.070
   200.000      3.000      0.629      0.012     -0.100      0.070     -0.078      0.080
   200.000      4.000      0.860      0.015      0.041      0.078      0.052      0.093
   200.000      5.000      1.034      0.003      0.087      0.013      0.137      0.021
   200.000      6.000      1.176      0.002      0.052      0.006      0.167      0.017
   200.000      7.000      1.273      0.002      0.018      0.008      0.143      0.021
   200.000      8.000      1.345      0.002     -0.019      0.008      0.174      0.021
   200.000      9.000      1.417      0.002     -0.058      0.009      0.170      0.024
   200.000     10.000      1.470      0.003     -0.102      0.011      0.194      0.028
   400.000      2.000      0.911      0.000     -0.144      0.000     -1.559      0.000
   400.000      3.000      1.129      0.166     -0.077      0.138     -1.459      0.423
   400.000      4.000      1.026      0.055      0.072      0.063     -0.279      0.162
   400.000      5.000      1.242      0.045      0.120      0.032     -0.233      0.148
   400.000      6.000      1.354      0.020      0.074      0.016     -0.042      0.084
   400.000      7.000      1.462      0.016      0.012      0.012      0.076      0.087
   400.000      8.000      1.507      0.003     -0.015      0.010      0.155      0.027
   400.000      9.000      1.588      0.003     -0.079      0.010      0.195      0.028
   400.000     10.000      1.611      0.003     -0.118      0.010      0.166      0.026
   400.000     12.000      1.692      0.003     -0.163      0.011      0.156      0.030
   600.000      3.000      0.974      0.118     -0.054      0.098     -0.894      0.301
   600.000      4.000      1.312      0.136      0.144      0.113     -0.972      0.347
   600.000      5.000      1.656      0.139      0.207      0.052     -1.301      0.391
   600.000      6.000      1.504      0.064      0.125      0.045     -0.327      0.209
   600.000      7.000      1.562      0.026      0.051      0.017     -0.070      0.115
   600.000      8.000      1.608      0.005     -0.044      0.010      0.187      0.038
   600.000      9.000      1.686      0.002     -0.071      0.008      0.166      0.022
   800.000      3.000      1.734      0.000     -0.055      0.000     -2.767      0.000
   800.000      4.000      2.343      0.000      0.311      0.000     -3.261      0.000
   800.000      5.000      1.606      0.150      0.198      0.056     -1.119      0.423
   800.000      6.000      1.842      0.189      0.167      0.041     -1.293      0.563
   800.000      7.000      1.607      0.055      0.056      0.020     -0.080      0.205
   800.000      8.000      1.687      0.017     -0.027      0.011      0.042      0.082
   800.000      9.000      1.728      0.002     -0.114      0.008      0.193      0.022
   800.000     10.000      1.757      0.003     -0.142      0.010      0.163      0.026
   800.000     11.000      1.781      0.004     -0.201      0.013      0.108      0.037
  1000.000      2.000      0.380      0.006     -0.108      0.033     -0.134      0.038
  1000.000      3.000      0.653      0.000     -0.144      0.000      0.045      0.000
  1000.000      4.000      1.040      0.060      0.163      0.136     -0.241      0.130
  1000.000      5.000      1.707      0.145      0.212      0.054     -1.448      0.409
  1000.000      6.000      1.906      0.163      0.141      0.036     -1.482      0.485
  1000.000      7.000      1.567      0.176      0.115      0.038      0.092      0.569
  1000.000      8.000      1.670      0.020     -0.013      0.015      0.208      0.088
  1000.000      9.000      1.753      0.006     -0.091      0.012      0.143      0.045
  1000.000     10.000      1.817      0.003     -0.145      0.010      0.169      0.027
  1000.000     11.000      1.885      0.004     -0.163      0.013      0.124      0.037
  1000.000     12.000      1.866      0.003     -0.256      0.012      0.134      0.033
